:Product: Daily Solar Data            DSD.txt
:Issued: 0225 UT 27 Aug 2026
#
#  Prepared by the U.S. Dept. of Commerce, NOAA, Space Weather Prediction Center
#  Please send comments and suggestions to SWPC.Webmaster@noaa.gov
#
#                Last 30 Days Daily Solar Data
#
#                         Sunspot       Stanford GOES15
#           Radio  SESC     Area          Solar  X-Ray  ------ Flares ------
#           Flux  Sunspot  10E-6   New     Mean  Bkgd    X-Ray      Optical
#  Date     10.7cm Number  Hemis. Regions Field  Flux   C  M  X  S  1  2  3
#--------------------------------------------------------------------------- 
2026 07 28  143    102      530      1    -999      *   5  0  0  2  0  0  0
2026 07 29  143    123      410      2    -999      *   4  0  0  0  0  0  0
2026 07 30  152    130      460      0    -999      *   1  1  0  1  0  1  0
2026 07 31  148    123      560      0    -999      *  10  0  0  5  1  0  0
2026 08 01  140    102      410      1    -999      *   5  0  0  4  0  0  0
2026 08 02  127    105      360      0    -999      *   3  0  0  2  0  0  0
2026 08 03  126    104      570      0    -999      *   3  0  0  1  0  0  0
2026 08 04  118    100      420      1    -999      *   3  0  0  4  0  0  0
2026 08 05  108     86      265      0    -999      *   1  0  0  2  0  0  0
2026 08 06  101     71      165      0    -999      *   1  0  0  0  0  0  0
2026 08 07   97     72      140      1    -999      *   0  0  0  0  0  0  0
2026 08 08   94     62       70      0    -999      *   0  0  0  0  0  0  0
2026 08 09   94     41       40      1    -999      *   5  0  0  1  0  0  0
2026 08 10   95     55       90      1    -999      *   2  0  0  0  0  0  0
2026 08 11   96     62      180      2    -999      *   3  0  0  4  0  0  0
2026 08 12  100     82      280      1    -999      *   1  0  0  1  0  0  0
2026 08 13  108    101      320      2    -999      *   0  0  0  0  0  0  0
2026 08 14  114    106      300      0    -999      *   4  0  0  4  1  0  0
2026 08 15  117    111      340      1    -999      *   5  0  0  3  1  0  0
2026 08 16  129     83      511      0    -999      *  14  0  0 10  0  0  0
2026 08 17  124     76      490      0    -999      *   9  0  0 17  0  0  0
2026 08 18  125     71      510      0    -999      *   5  0  0  2  0  0  0
2026 08 19  126     78      560      1    -999      *  18  1  0  5  0  0  0
2026 08 20  125     72      530      1    -999      *  16  3  0  8  1  0  0
2026 08 21  126     59      260      1    -999      *  12  1  0  5  0  0  0
2026 08 22  124     87      340      2    -999      *   1  0  0  3  0  0  0
2026 08 23  128     73      320      0    -999      *   9  0  0  7  2  0  0
2026 08 24  143     84      460      0    -999      *   3  1  0  5  1  0  0
2026 08 25  132     83      570      0    -999      *   4  4  0 10  3  0  0
2026 08 26  131     99      480      2    -999      *   4  2  0  4  1  0  0
